[best]

previous_highscore=72371
previous_ai_adjusted_highscore=59784.7
highscore=87000
ai_adjusted_highscore=87000
x=0.0
y=26.8152
l=89.2381
s=0.0
c=50.0
d1=1.37964
d2=1.37964
drop_bias=0.0
np=27.7356
player_name="NoiR"
final_purin_levels="3,5,0,1,2,3,5,2,0,1,3,5,4,8,6,9,1,0,2,2,0,0,0,3,6,"
highest_level_reached=9
