[best]

previous_highscore=119731
previous_ai_adjusted_highscore=159577.0
highscore=119731
ai_adjusted_highscore=159577.0
x=9.59921
y=76.429
l=9.74287
s=39.6459
c=100.0
d1=1.6635
d2=1.6635
drop_bias=-21.2453
np=15.9342
player_name="DEMO"
highest_level_reached=10
final_purin_levels="0,3,4,1,4,6,0,3,7,1,8,3,2,3,0,2,10,1,"
